Résumé des statistiques d'inventaire pour la simulation MOXEUS_00020
=================================================================

Temps total: 2255.0 jours
Burnup final: 67.7 MWd/kgU

Plutonium Total:
  Minimum       = 0.200%
  Maximum       = 1.290%
  Moyenne       = 0.865%
  Valeur finale = 1.290%

Valeurs finales des isotopes de plutonium:
  Pu-238     = 0.053725%
  Pu-239     = 0.527144%
  Pu-240     = 0.339925%
  Pu-241     = 0.181335%
  Pu-242     = 0.187857%

Valeurs maximales des isotopes de plutonium:
  Pu-238     = 0.053725%

  Pu-239     = 0.537772%

  Pu-240     = 0.339925%

  Pu-241     = 0.181335%

  Pu-242     = 0.187857%

Uranium Total:
  Minimum       = 90.835%
  Maximum       = 99.800%
  Moyenne       = 95.337%
  Valeur finale = 90.835%
Valeurs finales des isotopes d'uranium:
  U-234      = 0.000776%
  U-235      = 0.135147%
  U-236      = 0.430145%
  U-238      = 90.269121%

Valeurs maximales des isotopes d'uranium:
  U-234      = 0.000776%

  U-235      = 3.249992%

  U-236      = 0.441276%

  U-238      = 96.550008%

Actinides mineurs Total:
  Minimum       = 0.000%
  Maximum       = 0.206%
  Moyenne       = 0.079%
  Valeur finale = 0.206%

Valeurs finales des actinides mineurs:
  Np-237     = 0.075017%
  Np-239     = 0.009329%
  Am-241     = 0.006048%
  Am-242m    = 0.000106%
  Am-243     = 0.059647%
  Cm-242     = 0.003727%
  Cm-243     = 0.000142%
  Cm-244     = 0.046813%
  Cm-245     = 0.003582%
  Cm-246     = 0.001144%

Valeurs maximales des actinides mineurs:
  Np-237     = 0.075017%
  Np-239     = 0.009329%
  Am-241     = 0.006048%
  Am-242m    = 0.000106%
  Am-243     = 0.059647%
  Cm-242     = 0.003727%
  Cm-243     = 0.000142%
  Cm-244     = 0.046813%
  Cm-245     = 0.003582%
  Cm-246     = 0.001144%
