Résumé des statistiques d'inventaire pour la simulation MOXEUS_00018
=================================================================

Temps total: 2255.0 jours
Burnup final: 67.7 MWd/kgU

Plutonium Total:
  Minimum       = 11.342%
  Maximum       = 16.000%
  Moyenne       = 13.653%
  Valeur finale = 11.342%

Valeurs finales des isotopes de plutonium:
  Pu-238     = 0.262733%
  Pu-239     = 6.159118%
  Pu-240     = 2.200848%
  Pu-241     = 2.050533%
  Pu-242     = 0.668438%

Valeurs maximales des isotopes de plutonium:
  Pu-238     = 0.262733%

  Pu-239     = 10.079993%

  Pu-240     = 2.200848%

  Pu-241     = 4.000004%

  Pu-242     = 0.668438%

Uranium Total:
  Minimum       = 79.896%
  Maximum       = 84.000%
  Moyenne       = 82.079%
  Valeur finale = 79.896%
Valeurs finales des isotopes d'uranium:
  U-234      = 0.005806%
  U-235      = 0.787592%
  U-236      = 0.126507%
  U-238      = 78.975759%

Valeurs maximales des isotopes d'uranium:
  U-234      = 0.005806%

  U-235      = 1.300001%

  U-236      = 0.126507%

  U-238      = 82.700000%

Actinides mineurs Total:
  Minimum       = 0.000%
  Maximum       = 0.795%
  Moyenne       = 0.453%
  Valeur finale = 0.795%

Valeurs finales des actinides mineurs:
  Np-237     = 0.031315%
  Np-239     = 0.004115%
  Am-241     = 0.472452%
  Am-242m    = 0.015530%
  Am-243     = 0.153121%
  Cm-242     = 0.042358%
  Cm-243     = 0.001747%
  Cm-244     = 0.066689%
  Cm-245     = 0.007222%
  Cm-246     = 0.000266%

Valeurs maximales des actinides mineurs:
  Np-237     = 0.031315%
  Np-239     = 0.004115%
  Am-241     = 0.472452%
  Am-242m    = 0.015530%
  Am-243     = 0.153121%
  Cm-242     = 0.042358%
  Cm-243     = 0.001747%
  Cm-244     = 0.066689%
  Cm-245     = 0.007222%
  Cm-246     = 0.000266%
