Résumé des statistiques d'inventaire pour la simulation MOXEUS_00004
=================================================================

Temps total: 2255.0 jours
Burnup final: 67.7 MWd/kgU

Plutonium Total:
  Minimum       = 0.199%
  Maximum       = 1.281%
  Moyenne       = 0.917%
  Valeur finale = 1.281%

Valeurs finales des isotopes de plutonium:
  Pu-238     = 0.019935%
  Pu-239     = 0.485718%
  Pu-240     = 0.339881%
  Pu-241     = 0.170810%
  Pu-242     = 0.264942%

Valeurs maximales des isotopes de plutonium:
  Pu-238     = 0.019935%

  Pu-239     = 0.485718%

  Pu-240     = 0.339881%

  Pu-241     = 0.170810%

  Pu-242     = 0.264942%

Uranium Total:
  Minimum       = 90.992%
  Maximum       = 99.800%
  Moyenne       = 95.352%
  Valeur finale = 90.992%
Valeurs finales des isotopes d'uranium:
  U-234      = 0.000296%
  U-235      = 0.000666%
  U-236      = 0.021558%
  U-238      = 90.969892%

Valeurs maximales des isotopes d'uranium:
  U-234      = 0.000296%

  U-235      = 0.225000%

  U-236      = 0.029019%

  U-238      = 99.575000%

Actinides mineurs Total:
  Minimum       = 0.000%
  Maximum       = 0.247%
  Moyenne       = 0.104%
  Valeur finale = 0.247%

Valeurs finales des actinides mineurs:
  Np-237     = 0.017060%
  Np-239     = 0.010138%
  Am-241     = 0.004888%
  Am-242m    = 0.000082%
  Am-243     = 0.094004%
  Cm-242     = 0.003397%
  Cm-243     = 0.000132%
  Cm-244     = 0.105640%
  Cm-245     = 0.007598%
  Cm-246     = 0.004273%

Valeurs maximales des actinides mineurs:
  Np-237     = 0.017060%
  Np-239     = 0.014714%
  Am-241     = 0.004888%
  Am-242m    = 0.000082%
  Am-243     = 0.094004%
  Cm-242     = 0.003397%
  Cm-243     = 0.000132%
  Cm-244     = 0.105640%
  Cm-245     = 0.007598%
  Cm-246     = 0.004273%
