Résumé des statistiques d'inventaire pour la simulation MOXEUS_00024
=================================================================

Temps total: 2255.0 jours
Burnup final: 67.7 MWd/kgU

Plutonium Total:
  Minimum       = 5.253%
  Maximum       = 8.000%
  Moyenne       = 6.582%
  Valeur finale = 5.253%

Valeurs finales des isotopes de plutonium:
  Pu-238     = 0.168352%
  Pu-239     = 2.446893%
  Pu-240     = 1.203966%
  Pu-241     = 0.967386%
  Pu-242     = 0.466386%

Valeurs maximales des isotopes de plutonium:
  Pu-238     = 0.168352%

  Pu-239     = 5.039989%

  Pu-240     = 1.204015%

  Pu-241     = 1.999999%

  Pu-242     = 0.466386%

Uranium Total:
  Minimum       = 86.377%
  Maximum       = 92.000%
  Moyenne       = 89.371%
  Valeur finale = 86.377%
Valeurs finales des isotopes d'uranium:
  U-234      = 0.003619%
  U-235      = 1.546053%
  U-236      = 0.369023%
  U-238      = 84.458041%

Valeurs maximales des isotopes d'uranium:
  U-234      = 0.003619%

  U-235      = 3.250004%

  U-236      = 0.369023%

  U-238      = 88.750004%

Actinides mineurs Total:
  Minimum       = 0.000%
  Maximum       = 0.464%
  Moyenne       = 0.253%
  Valeur finale = 0.464%

Valeurs finales des actinides mineurs:
  Np-237     = 0.057279%
  Np-239     = 0.005147%
  Am-241     = 0.156340%
  Am-242m    = 0.004771%
  Am-243     = 0.129465%
  Cm-242     = 0.026182%
  Cm-243     = 0.001210%
  Cm-244     = 0.073505%
  Cm-245     = 0.009276%
  Cm-246     = 0.000610%

Valeurs maximales des actinides mineurs:
  Np-237     = 0.057279%
  Np-239     = 0.005148%
  Am-241     = 0.168817%
  Am-242m    = 0.005043%
  Am-243     = 0.129465%
  Cm-242     = 0.026182%
  Cm-243     = 0.001210%
  Cm-244     = 0.073505%
  Cm-245     = 0.009276%
  Cm-246     = 0.000610%
