Résumé des statistiques d'inventaire pour la simulation MOXEUS_00023
=================================================================

Temps total: 2255.0 jours
Burnup final: 67.7 MWd/kgU

Plutonium Total:
  Minimum       = 3.330%
  Maximum       = 4.046%
  Moyenne       = 3.784%
  Valeur finale = 3.330%

Valeurs finales des isotopes de plutonium:
  Pu-238     = 0.182761%
  Pu-239     = 0.883491%
  Pu-240     = 0.686724%
  Pu-241     = 0.416884%
  Pu-242     = 1.160380%

Valeurs maximales des isotopes de plutonium:
  Pu-238     = 0.320000%

  Pu-239     = 0.929120%

  Pu-240     = 1.599998%

  Pu-241     = 0.495455%

  Pu-242     = 1.400001%

Uranium Total:
  Minimum       = 88.149%
  Maximum       = 96.000%
  Moyenne       = 92.092%
  Valeur finale = 88.149%
Valeurs finales des isotopes d'uranium:
  U-234      = 0.006782%
  U-235      = 0.581958%
  U-236      = 0.445060%
  U-238      = 87.115128%

Valeurs maximales des isotopes d'uranium:
  U-234      = 0.006782%

  U-235      = 3.250002%

  U-236      = 0.445060%

  U-238      = 92.749999%

Actinides mineurs Total:
  Minimum       = 0.000%
  Maximum       = 0.747%
  Moyenne       = 0.373%
  Valeur finale = 0.747%

Valeurs finales des actinides mineurs:
  Np-237     = 0.080674%
  Np-239     = 0.007166%
  Am-241     = 0.029308%
  Am-242m    = 0.000646%
  Am-243     = 0.300544%
  Cm-242     = 0.010356%
  Cm-243     = 0.000490%
  Cm-244     = 0.280223%
  Cm-245     = 0.030458%
  Cm-246     = 0.006862%

Valeurs maximales des actinides mineurs:
  Np-237     = 0.080674%
  Np-239     = 0.007175%
  Am-241     = 0.031997%
  Am-242m    = 0.000711%
  Am-243     = 0.300544%
  Cm-242     = 0.010356%
  Cm-243     = 0.000490%
  Cm-244     = 0.280223%
  Cm-245     = 0.030458%
  Cm-246     = 0.006862%
