Résumé des statistiques d'inventaire pour la simulation MOXEUS_00013
=================================================================

Temps total: 2255.0 jours
Burnup final: 67.7 MWd/kgU

Plutonium Total:
  Minimum       = 0.200%
  Maximum       = 1.306%
  Moyenne       = 0.924%
  Valeur finale = 1.306%

Valeurs finales des isotopes de plutonium:
  Pu-238     = 0.036007%
  Pu-239     = 0.497047%
  Pu-240     = 0.343081%
  Pu-241     = 0.173992%
  Pu-242     = 0.255919%

Valeurs maximales des isotopes de plutonium:
  Pu-238     = 0.036007%

  Pu-239     = 0.497047%

  Pu-240     = 0.343081%

  Pu-241     = 0.173992%

  Pu-242     = 0.255919%

Uranium Total:
  Minimum       = 90.893%
  Maximum       = 99.800%
  Moyenne       = 95.299%
  Valeur finale = 90.893%
Valeurs finales des isotopes d'uranium:
  U-234      = 0.000584%
  U-235      = 0.010043%
  U-236      = 0.142101%
  U-238      = 90.739961%

Valeurs maximales des isotopes d'uranium:
  U-234      = 0.000584%

  U-235      = 1.300000%

  U-236      = 0.169908%

  U-238      = 98.499999%

Actinides mineurs Total:
  Minimum       = 0.000%
  Maximum       = 0.266%
  Moyenne       = 0.118%
  Valeur finale = 0.266%

Valeurs finales des actinides mineurs:
  Np-237     = 0.039731%
  Np-239     = 0.010027%
  Am-241     = 0.005108%
  Am-242m    = 0.000087%
  Am-243     = 0.091245%
  Cm-242     = 0.003470%
  Cm-243     = 0.000135%
  Cm-244     = 0.103736%
  Cm-245     = 0.007671%
  Cm-246     = 0.004353%

Valeurs maximales des actinides mineurs:
  Np-237     = 0.039731%
  Np-239     = 0.010129%
  Am-241     = 0.005108%
  Am-242m    = 0.000087%
  Am-243     = 0.091245%
  Cm-242     = 0.003470%
  Cm-243     = 0.000135%
  Cm-244     = 0.103736%
  Cm-245     = 0.007671%
  Cm-246     = 0.004353%
