Résumé des statistiques d'inventaire pour la simulation MOXEUS_00005
=================================================================

Temps total: 2255.0 jours
Burnup final: 67.7 MWd/kgU

Plutonium Total:
  Minimum       = 0.200%
  Maximum       = 1.306%
  Moyenne       = 0.961%
  Valeur finale = 1.306%

Valeurs finales des isotopes de plutonium:
  Pu-238     = 0.020565%
  Pu-239     = 0.489692%
  Pu-240     = 0.343038%
  Pu-241     = 0.172616%
  Pu-242     = 0.280363%

Valeurs maximales des isotopes de plutonium:
  Pu-238     = 0.020565%

  Pu-239     = 0.489692%

  Pu-240     = 0.343038%

  Pu-241     = 0.172616%

  Pu-242     = 0.280363%

Uranium Total:
  Minimum       = 90.924%
  Maximum       = 99.800%
  Moyenne       = 95.270%
  Valeur finale = 90.924%
Valeurs finales des isotopes d'uranium:
  U-234      = 0.000338%
  U-235      = 0.000661%
  U-236      = 0.021280%
  U-238      = 90.902121%

Valeurs maximales des isotopes d'uranium:
  U-234      = 0.000338%

  U-235      = 0.225000%

  U-236      = 0.028849%

  U-238      = 99.575000%

Actinides mineurs Total:
  Minimum       = 0.000%
  Maximum       = 0.280%
  Moyenne       = 0.131%
  Valeur finale = 0.280%

Valeurs finales des actinides mineurs:
  Np-237     = 0.017193%
  Np-239     = 0.010045%
  Am-241     = 0.005007%
  Am-242m    = 0.000084%
  Am-243     = 0.101782%
  Cm-242     = 0.003446%
  Cm-243     = 0.000135%
  Cm-244     = 0.127133%
  Cm-245     = 0.009170%
  Cm-246     = 0.006030%

Valeurs maximales des actinides mineurs:
  Np-237     = 0.017193%
  Np-239     = 0.020334%
  Am-241     = 0.005007%
  Am-242m    = 0.000084%
  Am-243     = 0.101782%
  Cm-242     = 0.003446%
  Cm-243     = 0.000135%
  Cm-244     = 0.127133%
  Cm-245     = 0.009170%
  Cm-246     = 0.006030%
