Résumé des statistiques d'inventaire pour la simulation MOXEUS_00025
=================================================================

Temps total: 2255.0 jours
Burnup final: 67.7 MWd/kgU

Plutonium Total:
  Minimum       = 6.299%
  Maximum       = 8.000%
  Moyenne       = 7.274%
  Valeur finale = 6.299%

Valeurs finales des isotopes de plutonium:
  Pu-238     = 0.384323%
  Pu-239     = 1.292347%
  Pu-240     = 1.458059%
  Pu-241     = 0.811972%
  Pu-242     = 2.352077%

Valeurs maximales des isotopes de plutonium:
  Pu-238     = 0.640001%

  Pu-239     = 1.360002%

  Pu-240     = 3.200000%

  Pu-241     = 0.874012%

  Pu-242     = 2.800004%

Uranium Total:
  Minimum       = 84.835%
  Maximum       = 92.000%
  Moyenne       = 88.440%
  Valeur finale = 84.835%
Valeurs finales des isotopes d'uranium:
  U-234      = 0.015138%
  U-235      = 0.946008%
  U-236      = 0.431997%
  U-238      = 83.442274%

Valeurs maximales des isotopes d'uranium:
  U-234      = 0.015138%

  U-235      = 3.250001%

  U-236      = 0.431997%

  U-238      = 88.749991%

Actinides mineurs Total:
  Minimum       = 0.000%
  Maximum       = 1.033%
  Moyenne       = 0.515%
  Valeur finale = 1.033%

Valeurs finales des actinides mineurs:
  Np-237     = 0.079900%
  Np-239     = 0.006179%
  Am-241     = 0.075899%
  Am-242m    = 0.001909%
  Am-243     = 0.455538%
  Cm-242     = 0.016987%
  Cm-243     = 0.000785%
  Cm-244     = 0.345761%
  Cm-245     = 0.044174%
  Cm-246     = 0.006059%

Valeurs maximales des actinides mineurs:
  Np-237     = 0.079900%
  Np-239     = 0.006179%
  Am-241     = 0.075901%
  Am-242m    = 0.001910%
  Am-243     = 0.455538%
  Cm-242     = 0.016987%
  Cm-243     = 0.000785%
  Cm-244     = 0.345761%
  Cm-245     = 0.044174%
  Cm-246     = 0.006059%
