Résumé des statistiques d'inventaire pour la simulation MOXEUS_00010
=================================================================

Temps total: 2255.0 jours
Burnup final: 67.7 MWd/kgU

Plutonium Total:
  Minimum       = 11.170%
  Maximum       = 16.000%
  Moyenne       = 13.565%
  Valeur finale = 11.170%

Valeurs finales des isotopes de plutonium:
  Pu-238     = 0.265477%
  Pu-239     = 5.982054%
  Pu-240     = 2.217115%
  Pu-241     = 2.018661%
  Pu-242     = 0.686723%

Valeurs maximales des isotopes de plutonium:
  Pu-238     = 0.265477%

  Pu-239     = 10.079978%

  Pu-240     = 2.217115%

  Pu-241     = 3.999999%

  Pu-242     = 0.686723%

Uranium Total:
  Minimum       = 80.101%
  Maximum       = 84.000%
  Moyenne       = 82.177%
  Valeur finale = 80.101%
Valeurs finales des isotopes d'uranium:
  U-234      = 0.005690%
  U-235      = 0.134261%
  U-236      = 0.023751%
  U-238      = 79.937025%

Valeurs maximales des isotopes d'uranium:
  U-234      = 0.005690%

  U-235      = 0.225000%

  U-236      = 0.023751%

  U-238      = 83.775024%

Actinides mineurs Total:
  Minimum       = 0.000%
  Maximum       = 0.780%
  Moyenne       = 0.448%
  Valeur finale = 0.780%

Valeurs finales des actinides mineurs:
  Np-237     = 0.021153%
  Np-239     = 0.004304%
  Am-241     = 0.454062%
  Am-242m    = 0.015058%
  Am-243     = 0.159307%
  Cm-242     = 0.043340%
  Cm-243     = 0.001838%
  Cm-244     = 0.072279%
  Cm-245     = 0.008118%
  Cm-246     = 0.000318%

Valeurs maximales des actinides mineurs:
  Np-237     = 0.021153%
  Np-239     = 0.004304%
  Am-241     = 0.454664%
  Am-242m    = 0.015058%
  Am-243     = 0.159307%
  Cm-242     = 0.043340%
  Cm-243     = 0.001838%
  Cm-244     = 0.072279%
  Cm-245     = 0.008118%
  Cm-246     = 0.000318%
