Résumé des statistiques d'inventaire pour la simulation MOXEUS_00028
=================================================================

Temps total: 2255.0 jours
Burnup final: 67.7 MWd/kgU

Plutonium Total:
  Minimum       = 6.841%
  Maximum       = 10.277%
  Moyenne       = 8.571%
  Valeur finale = 6.841%

Valeurs finales des isotopes de plutonium:
  Pu-238     = 0.285737%
  Pu-239     = 2.646316%
  Pu-240     = 2.195874%
  Pu-241     = 1.205862%
  Pu-242     = 0.507636%

Valeurs maximales des isotopes de plutonium:
  Pu-238     = 0.308325%

  Pu-239     = 6.166500%

  Pu-240     = 2.582936%

  Pu-241     = 1.247680%

  Pu-242     = 0.507636%

Uranium Total:
  Minimum       = 84.818%
  Maximum       = 89.723%
  Moyenne       = 87.403%
  Valeur finale = 84.818%
Valeurs finales des isotopes d'uranium:
  U-234      = 0.009565%
  U-235      = 0.134878%
  U-236      = 0.038957%
  U-238      = 84.634878%

Valeurs maximales des isotopes d'uranium:
  U-234      = 0.009565%

  U-235      = 0.308325%

  U-236      = 0.038957%

  U-238      = 89.414176%

Actinides mineurs Total:
  Minimum       = 0.000%
  Maximum       = 0.465%
  Moyenne       = 0.233%
  Valeur finale = 0.465%

Valeurs finales des actinides mineurs:
  Np-237     = 0.023340%
  Np-239     = 0.005613%
  Am-241     = 0.148076%
  Am-242m    = 0.004222%
  Am-243     = 0.149686%
  Cm-242     = 0.024467%
  Cm-243     = 0.001085%
  Cm-244     = 0.093891%
  Cm-245     = 0.013158%
  Cm-246     = 0.001017%

Valeurs maximales des actinides mineurs:
  Np-237     = 0.023340%
  Np-239     = 0.005613%
  Am-241     = 0.148076%
  Am-242m    = 0.004222%
  Am-243     = 0.149686%
  Cm-242     = 0.024467%
  Cm-243     = 0.001085%
  Cm-244     = 0.093891%
  Cm-245     = 0.013158%
  Cm-246     = 0.001017%
