Résumé des statistiques d'inventaire pour la simulation MOXEUS_00011
=================================================================

Temps total: 2255.0 jours
Burnup final: 67.7 MWd/kgU

Plutonium Total:
  Minimum       = 12.173%
  Maximum       = 16.000%
  Moyenne       = 14.176%
  Valeur finale = 12.173%

Valeurs finales des isotopes de plutonium:
  Pu-238     = 0.748153%
  Pu-239     = 1.876423%
  Pu-240     = 3.332586%
  Pu-241     = 1.465253%
  Pu-242     = 4.750393%

Valeurs maximales des isotopes de plutonium:
  Pu-238     = 1.280001%

  Pu-239     = 2.719997%

  Pu-240     = 6.399980%

  Pu-241     = 1.503013%

  Pu-242     = 5.599999%

Uranium Total:
  Minimum       = 78.497%
  Maximum       = 84.000%
  Moyenne       = 81.281%
  Valeur finale = 78.497%
Valeurs finales des isotopes d'uranium:
  U-234      = 0.029991%
  U-235      = 0.085426%
  U-236      = 0.032931%
  U-238      = 78.348950%

Valeurs maximales des isotopes d'uranium:
  U-234      = 0.029991%

  U-235      = 0.225000%

  U-236      = 0.032931%

  U-238      = 83.775023%

Actinides mineurs Total:
  Minimum       = 0.000%
  Maximum       = 1.523%
  Moyenne       = 0.778%
  Valeur finale = 1.523%

Valeurs finales des actinides mineurs:
  Np-237     = 0.025511%
  Np-239     = 0.005820%
  Am-241     = 0.158977%
  Am-242m    = 0.004256%
  Am-243     = 0.735583%
  Cm-242     = 0.025773%
  Cm-243     = 0.001250%
  Cm-244     = 0.489811%
  Cm-245     = 0.068150%
  Cm-246     = 0.007400%

Valeurs maximales des actinides mineurs:
  Np-237     = 0.025511%
  Np-239     = 0.007078%
  Am-241     = 0.158977%
  Am-242m    = 0.004256%
  Am-243     = 0.735583%
  Cm-242     = 0.025773%
  Cm-243     = 0.001250%
  Cm-244     = 0.489811%
  Cm-245     = 0.068150%
  Cm-246     = 0.007400%
