Résumé des statistiques d'inventaire pour la simulation MOXEUS_00008
=================================================================

Temps total: 2255.0 jours
Burnup final: 67.7 MWd/kgU

Plutonium Total:
  Minimum       = 4.668%
  Maximum       = 8.000%
  Moyenne       = 6.270%
  Valeur finale = 4.668%

Valeurs finales des isotopes de plutonium:
  Pu-238     = 0.159018%
  Pu-239     = 1.913276%
  Pu-240     = 1.202489%
  Pu-241     = 0.853679%
  Pu-242     = 0.539399%

Valeurs maximales des isotopes de plutonium:
  Pu-238     = 0.159018%

  Pu-239     = 5.039975%

  Pu-240     = 1.223638%

  Pu-241     = 1.999997%

  Pu-242     = 0.539399%

Uranium Total:
  Minimum       = 87.083%
  Maximum       = 92.000%
  Moyenne       = 89.719%
  Valeur finale = 87.083%
Valeurs finales des isotopes d'uranium:
  U-234      = 0.003147%
  U-235      = 0.086755%
  U-236      = 0.028837%
  U-238      = 86.963808%

Valeurs maximales des isotopes d'uranium:
  U-234      = 0.003147%

  U-235      = 0.225000%

  U-236      = 0.028837%

  U-238      = 91.775031%

Actinides mineurs Total:
  Minimum       = 0.000%
  Maximum       = 0.438%
  Moyenne       = 0.244%
  Valeur finale = 0.438%

Valeurs finales des actinides mineurs:
  Np-237     = 0.021041%
  Np-239     = 0.006151%
  Am-241     = 0.114307%
  Am-242m    = 0.003168%
  Am-243     = 0.151751%
  Cm-242     = 0.026428%
  Cm-243     = 0.001322%
  Cm-244     = 0.100012%
  Cm-245     = 0.012836%
  Cm-246     = 0.001221%

Valeurs maximales des actinides mineurs:
  Np-237     = 0.021041%
  Np-239     = 0.006151%
  Am-241     = 0.141353%
  Am-242m    = 0.003961%
  Am-243     = 0.151751%
  Cm-242     = 0.026473%
  Cm-243     = 0.001322%
  Cm-244     = 0.100012%
  Cm-245     = 0.012836%
  Cm-246     = 0.001221%
