Résumé des statistiques d'inventaire pour la simulation MOXEUS_00012
=================================================================

Temps total: 2255.0 jours
Burnup final: 67.7 MWd/kgU

Plutonium Total:
  Minimum       = 0.200%
  Maximum       = 1.278%
  Moyenne       = 0.882%
  Valeur finale = 1.278%

Valeurs finales des isotopes de plutonium:
  Pu-238     = 0.034971%
  Pu-239     = 0.492229%
  Pu-240     = 0.339945%
  Pu-241     = 0.171655%
  Pu-242     = 0.239545%

Valeurs maximales des isotopes de plutonium:
  Pu-238     = 0.034971%

  Pu-239     = 0.492229%

  Pu-240     = 0.339945%

  Pu-241     = 0.171655%

  Pu-242     = 0.239545%

Uranium Total:
  Minimum       = 90.956%
  Maximum       = 99.800%
  Moyenne       = 95.368%
  Valeur finale = 90.956%
Valeurs finales des isotopes d'uranium:
  U-234      = 0.000510%
  U-235      = 0.010360%
  U-236      = 0.143697%
  U-238      = 90.801676%

Valeurs maximales des isotopes d'uranium:
  U-234      = 0.000510%

  U-235      = 1.299997%

  U-236      = 0.170684%

  U-238      = 98.500003%

Actinides mineurs Total:
  Minimum       = 0.000%
  Maximum       = 0.232%
  Moyenne       = 0.093%
  Valeur finale = 0.232%

Valeurs finales des actinides mineurs:
  Np-237     = 0.039464%
  Np-239     = 0.010006%
  Am-241     = 0.004990%
  Am-242m    = 0.000084%
  Am-243     = 0.082732%
  Cm-242     = 0.003425%
  Cm-243     = 0.000133%
  Cm-244     = 0.082459%
  Cm-245     = 0.005981%
  Cm-246     = 0.002818%

Valeurs maximales des actinides mineurs:
  Np-237     = 0.039464%
  Np-239     = 0.010143%
  Am-241     = 0.004990%
  Am-242m    = 0.000084%
  Am-243     = 0.082732%
  Cm-242     = 0.003425%
  Cm-243     = 0.000133%
  Cm-244     = 0.082459%
  Cm-245     = 0.005981%
  Cm-246     = 0.002818%
