Résumé des statistiques d'inventaire pour la simulation MOXEUS_00019
=================================================================

Temps total: 2255.0 jours
Burnup final: 67.7 MWd/kgU

Plutonium Total:
  Minimum       = 12.463%
  Maximum       = 16.000%
  Moyenne       = 14.344%
  Valeur finale = 12.463%

Valeurs finales des isotopes de plutonium:
  Pu-238     = 0.783184%
  Pu-239     = 1.947026%
  Pu-240     = 3.488466%
  Pu-241     = 1.489571%
  Pu-242     = 4.754432%

Valeurs maximales des isotopes de plutonium:
  Pu-238     = 1.280001%

  Pu-239     = 2.720003%

  Pu-240     = 6.399985%

  Pu-241     = 1.506421%

  Pu-242     = 5.600009%

Uranium Total:
  Minimum       = 78.204%
  Maximum       = 84.000%
  Moyenne       = 81.132%
  Valeur finale = 78.204%
Valeurs finales des isotopes d'uranium:
  U-234      = 0.031578%
  U-235      = 0.481810%
  U-236      = 0.170630%
  U-238      = 77.520136%

Valeurs maximales des isotopes d'uranium:
  U-234      = 0.031578%

  U-235      = 1.300000%

  U-236      = 0.170630%

  U-238      = 82.700002%

Actinides mineurs Total:
  Minimum       = 0.000%
  Maximum       = 1.487%
  Moyenne       = 0.746%
  Valeur finale = 1.487%

Valeurs finales des actinides mineurs:
  Np-237     = 0.047535%
  Np-239     = 0.005615%
  Am-241     = 0.164789%
  Am-242m    = 0.004426%
  Am-243     = 0.717706%
  Cm-242     = 0.024811%
  Cm-243     = 0.001161%
  Cm-244     = 0.451590%
  Cm-245     = 0.063146%
  Cm-246     = 0.006173%

Valeurs maximales des actinides mineurs:
  Np-237     = 0.047535%
  Np-239     = 0.006336%
  Am-241     = 0.164789%
  Am-242m    = 0.004426%
  Am-243     = 0.717706%
  Cm-242     = 0.024811%
  Cm-243     = 0.001161%
  Cm-244     = 0.451590%
  Cm-245     = 0.063146%
  Cm-246     = 0.006173%
