Résumé des statistiques d'inventaire pour la simulation MOXEUS_00027
=================================================================

Temps total: 2255.0 jours
Burnup final: 67.7 MWd/kgU

Plutonium Total:
  Minimum       = 12.915%
  Maximum       = 16.000%
  Moyenne       = 14.592%
  Valeur finale = 12.915%

Valeurs finales des isotopes de plutonium:
  Pu-238     = 0.833390%
  Pu-239     = 2.064523%
  Pu-240     = 3.740421%
  Pu-241     = 1.510003%
  Pu-242     = 4.766570%

Valeurs maximales des isotopes de plutonium:
  Pu-238     = 1.280003%

  Pu-239     = 2.720007%

  Pu-240     = 6.399994%

  Pu-241     = 1.510832%

  Pu-242     = 5.600011%

Uranium Total:
  Minimum       = 77.762%
  Maximum       = 84.000%
  Moyenne       = 80.917%
  Valeur finale = 77.762%
Valeurs finales des isotopes d'uranium:
  U-234      = 0.034110%
  U-235      = 1.357730%
  U-236      = 0.406193%
  U-238      = 75.963762%

Valeurs maximales des isotopes d'uranium:
  U-234      = 0.034110%

  U-235      = 3.250006%

  U-236      = 0.406193%

  U-238      = 80.749977%

Actinides mineurs Total:
  Minimum       = 0.000%
  Maximum       = 1.418%
  Moyenne       = 0.693%
  Valeur finale = 1.418%

Valeurs finales des actinides mineurs:
  Np-237     = 0.075831%
  Np-239     = 0.005203%
  Am-241     = 0.172540%
  Am-242m    = 0.004637%
  Am-243     = 0.684058%
  Cm-242     = 0.022855%
  Cm-243     = 0.000999%
  Cm-244     = 0.392363%
  Cm-245     = 0.054713%
  Cm-246     = 0.004467%

Valeurs maximales des actinides mineurs:
  Np-237     = 0.075831%
  Np-239     = 0.005480%
  Am-241     = 0.172540%
  Am-242m    = 0.004637%
  Am-243     = 0.684058%
  Cm-242     = 0.022855%
  Cm-243     = 0.000999%
  Cm-244     = 0.392363%
  Cm-245     = 0.054713%
  Cm-246     = 0.004467%
