Résumé des statistiques d'inventaire pour la simulation MOXEUS_00016
=================================================================

Temps total: 2255.0 jours
Burnup final: 67.7 MWd/kgU

Plutonium Total:
  Minimum       = 4.903%
  Maximum       = 8.000%
  Moyenne       = 6.397%
  Valeur finale = 4.903%

Valeurs finales des isotopes de plutonium:
  Pu-238     = 0.164522%
  Pu-239     = 2.119577%
  Pu-240     = 1.209010%
  Pu-241     = 0.900545%
  Pu-242     = 0.509793%

Valeurs maximales des isotopes de plutonium:
  Pu-238     = 0.164522%

  Pu-239     = 5.040003%

  Pu-240     = 1.217294%

  Pu-241     = 1.999997%

  Pu-242     = 0.509793%

Uranium Total:
  Minimum       = 86.797%
  Maximum       = 92.000%
  Moyenne       = 89.577%
  Valeur finale = 86.797%
Valeurs finales des isotopes d'uranium:
  U-234      = 0.003336%
  U-235      = 0.544860%
  U-236      = 0.157512%
  U-238      = 86.091755%

Valeurs maximales des isotopes d'uranium:
  U-234      = 0.003336%

  U-235      = 1.299999%

  U-236      = 0.157512%

  U-238      = 90.700001%

Actinides mineurs Total:
  Minimum       = 0.000%
  Maximum       = 0.449%
  Moyenne       = 0.248%
  Valeur finale = 0.449%

Valeurs finales des actinides mineurs:
  Np-237     = 0.036948%
  Np-239     = 0.005727%
  Am-241     = 0.130282%
  Am-242m    = 0.003754%
  Am-243     = 0.143011%
  Cm-242     = 0.026460%
  Cm-243     = 0.001287%
  Cm-244     = 0.089000%
  Cm-245     = 0.011512%
  Cm-246     = 0.000946%

Valeurs maximales des actinides mineurs:
  Np-237     = 0.036948%
  Np-239     = 0.005727%
  Am-241     = 0.151242%
  Am-242m    = 0.004340%
  Am-243     = 0.143011%
  Cm-242     = 0.026460%
  Cm-243     = 0.001287%
  Cm-244     = 0.089000%
  Cm-245     = 0.011512%
  Cm-246     = 0.000946%
