Résumé des statistiques d'inventaire pour la simulation MOXEUS_00009
=================================================================

Temps total: 2255.0 jours
Burnup final: 67.7 MWd/kgU

Plutonium Total:
  Minimum       = 5.559%
  Maximum       = 8.000%
  Moyenne       = 6.832%
  Valeur finale = 5.559%

Valeurs finales des isotopes de plutonium:
  Pu-238     = 0.285153%
  Pu-239     = 1.073230%
  Pu-240     = 1.176168%
  Pu-241     = 0.657748%
  Pu-242     = 2.366501%

Valeurs maximales des isotopes de plutonium:
  Pu-238     = 0.640002%

  Pu-239     = 1.360004%

  Pu-240     = 3.200004%

  Pu-241     = 0.829836%

  Pu-242     = 2.800003%

Uranium Total:
  Minimum       = 85.649%
  Maximum       = 92.000%
  Moyenne       = 88.865%
  Valeur finale = 85.649%
Valeurs finales des isotopes d'uranium:
  U-234      = 0.011500%
  U-235      = 0.043058%
  U-236      = 0.031693%
  U-238      = 85.563104%

Valeurs maximales des isotopes d'uranium:
  U-234      = 0.011500%

  U-235      = 0.225000%

  U-236      = 0.031693%

  U-238      = 91.774987%

Actinides mineurs Total:
  Minimum       = 0.000%
  Maximum       = 1.107%
  Moyenne       = 0.585%
  Valeur finale = 1.107%

Valeurs finales des actinides mineurs:
  Np-237     = 0.024055%
  Np-239     = 0.007218%
  Am-241     = 0.052300%
  Am-242m    = 0.001216%
  Am-243     = 0.490773%
  Cm-242     = 0.016290%
  Cm-243     = 0.000850%
  Cm-244     = 0.451799%
  Cm-245     = 0.051489%
  Cm-246     = 0.011329%

Valeurs maximales des actinides mineurs:
  Np-237     = 0.024055%
  Np-239     = 0.008648%
  Am-241     = 0.055772%
  Am-242m    = 0.001292%
  Am-243     = 0.490773%
  Cm-242     = 0.016307%
  Cm-243     = 0.000850%
  Cm-244     = 0.451799%
  Cm-245     = 0.051489%
  Cm-246     = 0.011329%
