Résumé des statistiques d'inventaire pour la simulation MOXEUS_00022
=================================================================

Temps total: 2255.0 jours
Burnup final: 67.7 MWd/kgU

Plutonium Total:
  Minimum       = 2.621%
  Maximum       = 4.000%
  Moyenne       = 3.244%
  Valeur finale = 2.621%

Valeurs finales des isotopes de plutonium:
  Pu-238     = 0.103204%
  Pu-239     = 1.053644%
  Pu-240     = 0.661553%
  Pu-241     = 0.451288%
  Pu-242     = 0.350920%

Valeurs maximales des isotopes de plutonium:
  Pu-238     = 0.103204%

  Pu-239     = 2.520007%

  Pu-240     = 0.679219%

  Pu-241     = 1.000004%

  Pu-242     = 0.350920%

Uranium Total:
  Minimum       = 89.231%
  Maximum       = 96.000%
  Moyenne       = 92.826%
  Valeur finale = 89.231%
Valeurs finales des isotopes d'uranium:
  U-234      = 0.002129%
  U-235      = 0.944869%
  U-236      = 0.428255%
  U-238      = 87.855703%

Valeurs maximales des isotopes d'uranium:
  U-234      = 0.002129%

  U-235      = 3.250006%

  U-236      = 0.428255%

  U-238      = 92.749982%

Actinides mineurs Total:
  Minimum       = 0.000%
  Maximum       = 0.330%
  Moyenne       = 0.162%
  Valeur finale = 0.330%

Valeurs finales des actinides mineurs:
  Np-237     = 0.067169%
  Np-239     = 0.006505%
  Am-241     = 0.042429%
  Am-242m    = 0.001022%
  Am-243     = 0.109657%
  Cm-242     = 0.013620%
  Cm-243     = 0.000675%
  Cm-244     = 0.078354%
  Cm-245     = 0.009106%
  Cm-246     = 0.001244%

Valeurs maximales des actinides mineurs:
  Np-237     = 0.067169%
  Np-239     = 0.006505%
  Am-241     = 0.059002%
  Am-242m    = 0.001502%
  Am-243     = 0.109657%
  Cm-242     = 0.013931%
  Cm-243     = 0.000675%
  Cm-244     = 0.078354%
  Cm-245     = 0.009106%
  Cm-246     = 0.001244%
