Résumé des statistiques d'inventaire pour la simulation MOXEUS_00021
=================================================================

Temps total: 2255.0 jours
Burnup final: 67.7 MWd/kgU

Plutonium Total:
  Minimum       = 0.200%
  Maximum       = 1.320%
  Moyenne       = 0.903%
  Valeur finale = 1.320%

Valeurs finales des isotopes de plutonium:
  Pu-238     = 0.056109%
  Pu-239     = 0.531735%
  Pu-240     = 0.343748%
  Pu-241     = 0.182868%
  Pu-242     = 0.205807%

Valeurs maximales des isotopes de plutonium:
  Pu-238     = 0.056109%

  Pu-239     = 0.538777%

  Pu-240     = 0.343748%

  Pu-241     = 0.182868%

  Pu-242     = 0.205807%

Uranium Total:
  Minimum       = 90.769%
  Maximum       = 99.800%
  Moyenne       = 95.275%
  Valeur finale = 90.769%
Valeurs finales des isotopes d'uranium:
  U-234      = 0.000927%
  U-235      = 0.130488%
  U-236      = 0.428003%
  U-238      = 90.209926%

Valeurs maximales des isotopes d'uranium:
  U-234      = 0.000927%

  U-235      = 3.250004%

  U-236      = 0.440001%

  U-238      = 96.549996%

Actinides mineurs Total:
  Minimum       = 0.000%
  Maximum       = 0.241%
  Moyenne       = 0.103%
  Valeur finale = 0.241%

Valeurs finales des actinides mineurs:
  Np-237     = 0.075587%
  Np-239     = 0.009317%
  Am-241     = 0.006135%
  Am-242m    = 0.000108%
  Am-243     = 0.070705%
  Cm-242     = 0.003746%
  Cm-243     = 0.000143%
  Cm-244     = 0.067791%
  Cm-245     = 0.005434%
  Cm-246     = 0.002269%

Valeurs maximales des actinides mineurs:
  Np-237     = 0.075587%
  Np-239     = 0.009319%
  Am-241     = 0.006135%
  Am-242m    = 0.000108%
  Am-243     = 0.070705%
  Cm-242     = 0.003746%
  Cm-243     = 0.000143%
  Cm-244     = 0.067791%
  Cm-245     = 0.005434%
  Cm-246     = 0.002269%
